0 0 0 0 0 0 0 0 0 0 0 0 0 0 0 0 0 0 0 0 0 0 0 0 0 0 0 0 0 0 0 0 0 0 0 
1 491 0 0 0 0 2 0 1 0 3 0 0 0 0 0 0 1 0 0 0 0 0 0 0 0 0 0 0 1 0 0 0 0 0 
0 2 495 0 0 0 0 0 1 0 0 0 0 0 0 0 0 0 0 0 0 0 0 0 1 1 0 0 0 0 0 0 0 0 0 
0 0 0 493 0 1 1 0 0 0 0 0 0 0 0 0 0 1 0 0 0 0 0 1 0 1 0 0 0 2 0 0 0 0 0 
1 0 0 2 482 2 0 1 0 2 0 5 0 0 0 0 0 0 1 0 0 0 0 0 0 1 1 0 0 1 0 0 0 0 1 
0 2 0 1 4 465 0 0 2 1 1 18 0 0 0 0 0 1 2 0 0 0 0 0 0 1 1 0 0 0 0 1 0 0 0 
1 1 0 2 0 0 485 0 1 0 0 0 0 0 0 0 0 0 0 0 0 0 0 1 0 6 1 0 1 0 0 0 1 0 0 
1 8 3 0 0 0 6 454 1 0 1 1 0 1 0 1 1 4 0 2 8 0 1 1 0 1 2 2 0 0 0 0 0 0 1 
0 0 0 0 0 0 0 0 0 0 0 0 0 0 0 0 0 0 0 0 0 0 0 0 0 0 0 0 0 0 0 0 0 0 0 
0 0 0 0 0 0 0 0 0 0 0 0 0 0 0 0 0 0 0 0 0 0 0 0 0 0 0 0 0 0 0 0 0 0 0 
0 0 0 1 1 0 0 1 1 19 467 1 0 0 0 0 0 0 0 1 2 1 0 0 0 1 1 1 0 1 1 0 0 0 0 
1 2 0 2 1 1 0 0 4 1 2 475 0 1 0 0 0 0 0 0 0 1 0 0 0 1 1 0 4 0 0 1 0 2 0 
0 0 0 0 0 0 0 0 0 0 0 0 493 0 0 0 0 0 0 0 0 0 0 2 1 1 0 0 0 3 0 0 0 0 0 
0 0 0 0 0 1 0 0 0 0 0 0 0 494 0 0 0 0 0 2 0 0 0 0 0 1 1 0 0 0 0 0 0 0 1 
0 0 0 0 0 0 0 0 0 0 0 0 0 0 0 0 0 0 0 0 0 0 0 0 0 0 0 0 0 0 0 0 0 0 0 
0 1 0 1 0 0 0 0 1 1 0 0 0 0 3 473 0 3 0 0 0 1 1 2 0 3 3 0 0 2 0 0 4 1 0 
0 0 0 0 0 0 0 1 0 0 1 0 1 1 1 1 489 2 0 0 0 1 0 1 0 0 1 0 0 0 0 0 0 0 0 
0 0 3 1 0 1 1 0 1 2 0 1 0 0 1 0 0 474 2 0 3 3 0 1 0 2 1 0 1 0 1 0 0 1 0 
0 2 1 1 4 15 0 0 1 0 1 22 0 0 6 1 1 3 429 0 0 0 0 1 0 1 1 2 1 0 1 3 1 2 0 
1 0 1 2 1 0 2 0 0 2 1 2 0 1 0 0 0 0 0 467 2 0 0 0 0 0 2 0 0 11 0 1 1 2 1 
1 2 3 1 0 1 1 2 3 0 1 1 0 0 0 0 0 1 0 4 472 1 0 0 1 1 2 0 0 2 0 0 0 0 0 
2 1 1 0 0 0 0 1 0 3 1 0 0 0 2 0 1 2 0 0 7 472 1 1 0 0 1 0 0 0 0 1 2 1 0 
2 2 0 0 0 1 5 1 1 1 0 1 0 0 0 0 0 0 0 0 0 3 477 0 0 1 1 0 0 0 1 1 1 0 1 
0 0 0 0 0 0 0 0 0 2 0 1 0 1 0 1 0 0 0 0 1 0 0 488 0 1 3 0 1 0 0 0 0 1 0 
0 0 0 0 0 0 0 0 1 1 1 0 0 0 0 0 0 0 0 0 0 0 0 2 491 1 1 0 1 0 0 1 0 0 0 
0 0 0 1 0 0 0 0 0 0 0 0 0 0 0 0 0 0 0 1 0 0 0 1 1 492 2 0 0 1 0 0 1 0 0 
2 1 1 2 3 0 0 0 0 2 0 2 0 0 0 0 0 0 1 0 0 0 0 3 0 2 476 0 1 1 0 0 0 1 2 
1 0 1 0 0 0 3 0 1 1 1 0 0 0 0 0 0 0 0 0 0 0 0 0 0 1 1 486 2 0 0 0 0 0 2 
0 0 0 1 0 1 0 0 0 3 1 1 0 0 0 0 0 0 0 0 0 0 0 3 0 3 2 1 480 0 0 0 0 4 0 
1 1 2 2 1 0 3 0 0 0 0 1 0 0 1 0 0 0 0 1 1 0 0 2 0 0 3 0 1 478 0 0 0 0 2 
0 0 0 0 0 0 0 0 0 0 0 0 0 0 0 0 0 0 0 0 0 0 0 0 0 0 0 0 0 0 0 0 0 0 0 
1 0 0 0 0 1 0 0 1 0 0 1 0 0 0 1 0 0 0 0 0 2 0 0 0 0 1 0 0 0 0 491 0 0 1 
0 0 0 1 1 1 1 0 1 0 0 2 0 0 0 0 0 0 0 0 0 0 1 0 0 1 0 0 1 0 0 0 489 1 0 
0 1 2 1 0 1 0 0 0 4 1 2 0 0 0 0 0 0 0 0 0 0 0 4 3 2 0 0 2 0 2 0 0 475 0 
0 0 0 0 0 0 0 0 0 0 0 0 0 0 0 0 0 0 0 0 0 0 0 0 0 0 0 0 0 0 0 0 0 0 0 
