              precision    recall  f1-score   support

    backward       0.00      0.00      0.00         0
         bed       0.95      0.98      0.97       500
        bird       0.96      0.99      0.98       500
         cat       0.96      0.99      0.97       500
         dog       0.97      0.96      0.97       500
        down       0.95      0.93      0.94       500
       eight       0.95      0.97      0.96       500
        five       0.98      0.91      0.94       500
      follow       0.00      0.00      0.00         0
     forward       0.00      0.00      0.00         0
        four       0.97      0.93      0.95       500
          go       0.88      0.95      0.92       500
       happy       1.00      0.99      0.99       500
       house       0.99      0.99      0.99       500
       learn       0.00      0.00      0.00         0
        left       0.99      0.95      0.97       500
      marvin       0.99      0.98      0.99       500
        nine       0.96      0.95      0.96       500
          no       0.99      0.86      0.92       500
         off       0.98      0.93      0.96       500
          on       0.95      0.94      0.95       500
         one       0.97      0.94      0.96       500
       right       0.99      0.95      0.97       500
       seven       0.95      0.98      0.96       500
      sheila       0.99      0.98      0.98       500
         six       0.94      0.98      0.96       500
        stop       0.94      0.95      0.94       500
       three       0.99      0.97      0.98       500
         two       0.97      0.96      0.96       500
          up       0.95      0.96      0.95       500
      visual       0.00      0.00      0.00         0
         wow       0.98      0.98      0.98       500
         yes       0.98      0.98      0.98       500
        zero       0.97      0.95      0.96       500
       noise       0.00      0.00      0.00         0

   micro avg       0.96      0.96      0.96     14500
   macro avg       0.80      0.79      0.80     14500
weighted avg       0.97      0.96      0.96     14500

